77
221
269
341
428
551
652
739
827
829
830
1000
1171
1333
1382
1426
1541
1658
1852
1869
2041
2238
2291
2397
2407
2456
2637
2677
2708
2768
2839
2953
2993
3086
3096
3107
3277
3438
3441
3457
3515
3517
3634
3757
3870
3889
3997
4025
4141
4289
4304
4347
4480
4614
4685
4726
4858
4868
5050
5128
5228
5264
5274
5434
5624
5810
5826
5846
5846
5930
6114
6148
6148
6158
6247
6429
6556
6558
6754
6774
6939
7119
7124
7140
7322
7343
7412
7422
7582
7625
7665
7783
7840
7970
8028
8167
8330
8363
8378
8456
8542
8600
8637
8681
8817
8856
8884
9034
9223
9299
9463
9475
9577
9724
9764
9788
9981
10086
10265
10304
10329
10456
10582
10733
10779
10901
10994
11096
11112
11151
11327
11514
11686
11691
11716
11874
11959
12084
12177
12188
12383
12431
12475
12500
12672
12721
12725
12915
12945
12947
13039
13050
13050
13097
13144
13184
13377
13474
13525
13693
13738
13905
13969
14157
14248
14258
14324
14366
14565
14649
14843
14931
15041
15064
15079
15112
15146
15227
15392
15398
15469
15565
15639
15666
15674
15720
15782
15876
15936
16077
16093
16174
16267
16450
16480
16496
16517
16656
16707
16726
16863
17060
17078
17120
17303
17445
17513
17598
17690
17716
17847
18039
18077
18093
18120
18166
18286
18314
18332
18335
18350
18406
18421
18571
18641
18685
18738
18772
18933
18952
18979
19077
19122
19313
19354
19474
19614
19615
19701
19743
19821
19961
20010
20169
20259
20321
20499
20529
20715
20736
20851
21050
21093
21098
21118
21141
21241
21383
21386
21405
21423
21456
21458
21553
21554
21566
21660
21674
21742
21754
21880
22079
22212
22226
22266
22314
22319
22354
22441
22525
22611
22622
22656
22698
22886
22939
23023
23110
23171
23191
23213
23342
23370
23540
23638
23788
23807
23984
24002
24021
24193
24229
24350
24491
24604
24685
24818
24837
24864
24969
25132
25293
25403
25540
25546
25741
25920
26013
26143
26213
26221
26249
26308
26436
26524
26712
26712
26712
26714
26800
26868
26917
27057
27086
27090
27135
27300
27468
27519
27547
27576
27697
27766
27778
27970
27987
28147
28278
28319
28501
28511
28548
28699
28881
29036
29054
29095
29214
29362
29466
29607
29623
29760
29795
29814
29851
29887
29925
30108
30125
30244
30337
30467
30487
30564
30628
30743
30809
30822
30845
30945
30973
31122
31259
31443
31463
31535
31649
31753
31770
31951
31972
32083
32122
32318
32437
32580
32622
32812
32855
32892
32936
33113
33157
33317
33402
33497
33635
33735
33839
33867
34056
34177
34287
34355
34360
34417
34525
34540
34623
34639
34719
34879
34947
35134
35228
35341
35343
35506
35540
35612
35623
35636
35702
35738
35878
36023
36076
36087
36235
36318
36421
36444
36480
36634
36696
36808
36843
37017
37066
37124
37238
37400
37454
37462
37604
37782
37808
37879
37899
37937
37986
38011
38200
38225
38280
38293
38449
38497
38604
38619
38786
38859
38922
38934
39042
39081
39247
39430
39466
39511
39537
39544
39700
39718
39722
39759
39888
39899
40078
40211
40228
40365
40374
40426
40553
40685
40723
40783
40909
40997
41156
41226
41249
41444
41622
41635
41672
41868
42014
42159
42219
42363
42414
42440
42612
42664
42821
42828
42951
42991
43130
43178
43343
43403
43486
43672
43706
43884
43917
44033
44212
44230
44262
44268
44347
44429
44467
44504
44516
44650
44789
44891
44951
45033
45124
45208
45365
45429
45605
45612
45749
45806
45976
46135
46305
46308
46494
46598
46722
46764
46807
46835
46841
46841
46938
46947
46978
47001
47041
47117
47211
47335
47403
47440
47524
47542
47608
47689
47711
47721
47860
47885
47910
47932
48035
48228
48261
48290
48300
48377
48392
48466
48470
48623
48799
48893
49034
49180
49206
49213
49362
49385
49425
49482
49623
49761
49879
50012
50181
50374
50391
50463
50569
50749
50860
51007
51014
51076
51141
51299
51385
51456
51624
51803
51810
51888
51935
52087
52124
52135
52141
52151
52242
52270
52428
52565
52722
52772
52782
52794
52870
52946
53026
53190
53236
53259
53307
53354
53545
53570
53718
53752
53788
53986
54066
54187
54223
54325
54401
54528
54691
54764
54897
54900
55044
55069
55171
55257
55260
55453
55487
55522
55601
55601
55678
55725
55774
55864
55892
55989
56042
56063
56105
56247
56405
56602
56605
56620
56658
56720
56752
56831
56956
56999
57002
57197
57213
57307
57327
57340
57429
57434
57526
57668
57690
57703
57902
58035
58076
58098
58267
58401
58584
58608
58724
58781
58925
58969
59012
59046
59172
59368
59428
59449
59617
59730
59737
59766
59810
59842
59958
59999
60153
60165
60270
60293
60295
60456
60643
60701
60812
60924
60969
61000
61013
61032
61176
61199
61216
61326
61399
61408
61523
61532
61715
61729
61921
62086
62172
62186
62271
62385
62496
62625
62662
62733
62776
62787
62859
62987
62998
63181
63215
63402
63524
63617
63749
63840
64026
64171
64283
64383
64522
64533
64636
64676
64766
64906
64949
65015
65202
65278
65470
65520
65558
65687
65717
65874
65966
66147
66323
66450
66622
66770
66941
67056
67104
67116
67194
67329
67408
67581
67712
67905
68067
68072
68188
68290
68479
68615
68687
68700
68790
68959
69145
69153
69190
69294
69325
69350
69518
69637
69669
69866
69882
69913
69933
69964
70044
70066
70191
70302
70336
70529
70629
70660
70675
70750
70763
70792
70838
70896
70996
71031
71214
71214
71241
71337
71432
71602
71605
71730
71755
71765
71790
71972
72113
72140
72147
72223
72260
72319
72348
72426
72514
72586
72682
72745
72828
73011
73157
73158
73167
73349
73398
73415
73602
73604
73782
73913
74108
74202
74228
74228
74229
74330
74355
74369
74567
74569
74578
74755
74793
74940
74996
75089
75171
75201
75211
75293
75486
75555
75716
75728
75853
75886
75928
75998
76079
76131
76170
76244
76402
76416
76560
76648
76649
76758
76811
76897
76933
77024
77083
77098
77269
77454
77546
77613
77684
77709
77863
77879
77933
78093
78140
78196
78371
78489
78586
78693
78697
78779
78951
79082
79125
79257
79410
79605
79646
79774
79846
80026
80074
80144
80204
80343
80526
80649
80715
80792
80817
81010
81088
81251
81288
81463
81463
81501
81569
81698
81804
81895
81941
82033
82098
82248
82334
82364
82434
82577
82660
82723
82725
82771
82810
82933
82990
83024
83182
83251
83373
83379
83472
83635
83818
83917
83993
84035
84066
84184
84215
84401
84459
84468
84583
84698
84717
84823
84905
85085
85156
85256
85324
85394
85398
85557
85752
85768
85865
85939
86065
86148
86197
86217
86254
86336
86341
86343
86382
86385
86512
86708
86709
86875
86972
87019
87103
87139
87144
87257
87312
87325
87433
87570
87579
87650
87686
87781
87787
87912
88042
88070
88167
88213
88220
88366
88521
88687
88835
88875
88939
88980
89161
89262
89313
89338
89379
89380
89405
89414
89485
89622
89755
89871
89964
90114
90148
90214
90263
90323
90517
90653
90690
90850
91029
91053
91088
91180
91306
91402
91600
91687
91729
91832
91880
91917
92039
92146
92243
92335
92335
92532
92541
92727
92775
92970
93091
93187
93281
93347
93538
93570
93719
93788
93872
93897
93901
93970
94118
94229
94322
94503
94539
94682
94764
94775
94943
94988
95147
95267
95304
95363
95536
95702
95860
95986
96145
96246
96387
96509
96588
96601
96690
96710
96716
96774
96792
96809
96946
96971
97066
97069
97095
97263
97426
97432
97457
97621
97668
97807
97900
97993
98005
98037
98173
98183
98357
98391
98420
98423
98547
98733
98901
99011
99138
99274
99305
99414
99493
99584
99775
99790
99812
99936
99974
100104
100262
100365
100562
100598
100751
100757
100930
101051
101145
101313
101390
101425
101593
101625
101671
101753
101844
102018
102207
102250
102291
102476
102658
102797
102841
102859
102890
103005
103054
103197
103246
103287
103380
103388
103427
103593
103748
103833
103959
104001
104052
104182
104297
104325
104328
104420
104534
104575
104632
104714
104716
104736
104814
104900
104967
105114
105260
105293
105467
105488
105615
105615
105812
105965
105974
106110
106115
106162
106181
106354
106460
106642
106663
106769
106779
106799
106824
106851
106872
107065
107083
107254
107403
107489
107519
107575
107698
107763
107849
107978
108065
108192
108374
108378
108414
108593
108602
108629
108740
108918
108943
108946
108951
109021
109036
109054
109096
109143
109199
109234
109413
109448
109601
109794
109831
109917
110087
110120
110307
110323
110470
110489
110577
110727
110739
110884
111080
111266
111284
111386
111392
111552
111680
111728
111778
111977
112036
112056
112071
112197
112317
112386
112435
112453
112537
112568
112766
112881
113077
113098
113116
113164
113338
113339
113445
113449
113510
113528
113650
113734
113899
113942
114079
114154
114279
114457
114478
114594
114614
114775
114805
114986
115016
115019
115028
115082
115102
115199
115258
115373
115421
115443
115471
115530
115557
115607
115741
115744
115824
115964
116011
116039
116085
116130
116302
116495
116497
116619
116711
116746
116882
116890
117017
117037
117128
117173
117265
117427
117475
117672
117729
117901
118036
118209
118298
118394
118468
118528
118663
118674
118677
118837
118897
118909
118954
118980
119066
119194
119374
119509
119611
119797
119991
120081
120128
120184
120212
120283
120308
120490
120601
120622
120779
120792
120972
121031
121080
121162
121231
121329
121389
121588
121760
121880
121978
122031
122054
122189
122291
122456
122626
122798
122903
123000
123074
123130
123211
123388
123463
123474
123510
123515
123694
123720
123883
123918
124098
124138
124269
124322
124491
124644
124648
124763
124884
125035
125229
125259
125290
125442
125613
125630
125633
125675
125825
125857
125932
126033
126036
126092
126258
126450
126455
126477
126577
126736
126759
126908
126932
127084
127096
127185
127354
127478
127638
127751
127855
127940
128119
128310
128363
128388
128557
128704
128824
128932
129046
129241
129266
129414
129555
129587
129611
129735
129856
129874
129968
130059
130068
130086
130155
130179
130329
130402
130512
130521
130684
130729
130796
130931
130981
131024
131050
131068
131188
131198
131266
131268
131404
131419
131508
131573
131681
131803
131928
131949
132000
132153
132186
132344
132370
132403
132419
132433
132559
132575
132695
132713
132863
133048
133096
133108
133276
133444
133446
133532
133687
133690
133714
133863
133954
134052
134101
134277
134382
134551
134597
134627
134781
134853
135014
135099
135210
135382
135439
135462
135543
135703
135860
135997
136159
136312
136439
136587
136769
136798
136948
136981
137149
137244
137376
137392
137505
137529
137654
137656
137757
137889
137978
138046
138206
138352
138527
138712
138910
139089
139161
139194
139306
139485
139679
139680
139833
139910
139929
139958
139976
140102
140239
140286
140388
140404
140406
140433
140583
140583
140645
140739
140749
140780
140827
141024
141123
141275
141360
141534
141640
141758
141878
142039
142080
142138
142143
142321
142512
142555
142617
142714
142836
143001
143064
143141
143245
143363
143424
143548
143634
143732
143842
143882
143986
144112
144202
144342
144388
144430
144507
144535
144623
144652
144661
144689
144692
144845
144890
145017
145200
145203
145203
145265
145392
145563
145681
145800
145815
145902
145936
145954
146107
146144
146157
146336
146436
146484
146633
146679
146863
146879
146915
146919
147096
147236
147367
147504
147557
147585
147601
147762
147810
147863
147870
148007
148087
148200
148360
148465
148476
148512
148698
148702
148872
148888
149011
149040
149201
149223
149315
149418
149544
149557
149624
149645
149781
149974
149989
150168
150169
150261
150276
150282
150437
150635
150653
150667
150706
150793
150820
150867
151052
151190
151193
151343
151418
151586
151598
151705
151741
151813
151815
151935
152117
152140
152297
152355
152394
152426
152604
152663
152849
153047
153049
153144
153274
153372
153548
153586
153714
153753
153827
153832
153967
154011
154092
154103
154104
154151
154187
154197
154209
154370
154562
154695
154772
154864
154912
154952
155033
155110
155212
155339
155469
155505
155653
155770
155789
155980
156139
156286
156348
156353
156389
156451
156455
156543
156709
156759
156905
157047
157063
157234
157420
157615
157702
157769
157927
157950
157975
158134
158208
158236
158252
158307
158465
158632
158659
158693
158715
158809
158839
158972
159011
159113
159232
159336
159426
159584
159618
159651
159776
159893
159918
160111
160134
160280
160453
160463
160513
160560
160681
160825
160997
161168
161177
161210
161274
161278
161323
161398
161406
161474
161483
161500
161699
161814
161922
162035
162041
162098
162275
162309
162334
162361
162489
162609
162748
162880
162961
163014
163021
163032
163119
163294
163457
163642
163672
163781
163975
164094
164264
164389
164541
164578
164647
164791
164932
165110
165118
165160
165214
165216
165362
165368
165420
165561
165596
165696
165815
165951
166145
166284
166298
166417
166422
166483
166503
166638
166749
166845
167031
167064
167191
167274
167274
167438
167466
167508
167528
167594
167750
167759
167888
167962
168014
168022
168210
168253
168293
168299
168392
168495
168511
168518
168588
168721
168871
168905
169071
169227
169306
169484
169521
169684
169861
169941
170002
170090
170209
170293
170388
170558
170749
170751
170760
170892
170953
171038
171041
171043
171089
171137
171152
171152
171155
171338
171503
171504
171524
171584
171747
171882
171953
172068
172093
172159
172218
172287
172358
172457
172601
172644
172682
172737
172746
172762
172862
172890
173064
173095
173201
173342
173374
173380
173387
173451
173475
173628
173656
173853
173855
173871
173918
174005
174110
174237
174318
174511
174689
174695
174715
174776
174778
174813
174825
175014
175026
175222
175249
175264
175416
175472
175659
175728
175855
175890
176070
176261
176302
176335
176340
176528
176551
176651
176681
176772
176787
176916
176972
177152
177308
177357
177405
177443
177536
177706
177822
177827
177916
177918
177925
178073
178222
178240
178284
178385
178568
178593
178609
178732
178832
178862
179049
179171
179181
179299
179311
179374
179541
179704
179709
179737
179739
179800
179818
179828
179860
179975
180116
180280
180379
180403
180450
180606
180801
180977
181157
181290
181347
181404
181437
181516
181578
181615
181708
181751
181854
182048
182104
182123
182142
182304
182377
182464
182520
182522
182569
182608
182655
182784
182874
183055
183105
183112
183115
183124
183136
183307
183466
183543
183629
183814
183959
184040
184173
184176
184284
184366
184408
184435
184450
184528
184551
184597
184715
184746
184888
184936
185005
185183
185292
185299
185341
185509
185666
185759
185901
185939
185998
186078
186151
186273
186426
186437
186538
186586
186625
186702
186735
186765
186801
186954
187032
187095
187212
187299
187395
187549
187594
187697
187864
187940
188086
188238
188246
188322
188424
188446
188519
188611
188789
188832
188968
189161
189259
189308
189362
189500
189500
189677
189855
189907
189994
190117
190165
190265
190268
190443
190618
190643
190690
190750
190935
190984
191140
191148
191176
191305
191394
191406
191473
191668
191818
191924
191953
192076
192147
192319
192513
192559
192661
192684
192709
192894
192915
193106
193303
193418
193459
193476
193499
193563
193571
193676
193687
193716
193739
193769
193834
193849
194019
194065
194208
194385
194520
194543
194609
194778
194835
194960
195070
195205
195245
195271
195294
195338
195366
195473
195564
195669
195833
196013
196157
196252
196408
196516
196539
196542
196701
196813
196854
196876
196903
196920
196939
197035
197063
197187
197284
197330
197448
197458
197548
197715
197769
197784
197890
197918
198088
198193
198233
198421
198563
198680
198685
198731
198913
199001
199019
199215
199318
199385
199398
199417
199583
199747
199760
199848
199941
200020
200129
200163
200176
200220
200393
200471
200503
200622
200652
200845
200940
200983
200999
201040
201149
201308
201367
201540
201558
201579
201623
201752
201762
201788
201815
201843
202031
202214
202332
202339
202471
202494
202669
202680
202858
203029
203047
203181
203182
203191
203290
203393
203418
203483
203647
203656
203707
203822
203849
203992
204120
204305
204334
204504
204635
204731
204870
204892
205068
205114
205128
205211
205352
205484
205592
205789
205798
205854
206023
206035
206190
206387
206409
206493
206563
206604
206651
206830
206886
207057
207074
207264
207410
207470
207611
207651
207652
207665
207841
208005
208009
208081
208096
208108
208119
208148
208207
208262
208281
208478
208568
208582
208736
208810
208876
208956
209072
209221
209329
209357
209393
209439
209494
209592
209755
209790
209953
209981
210136
210144
210307
210316
210384
210498
210531
210532
210557
210577
210718
210794
210968
211068
211194
211233
211327
211429
211484
211630
211799
211847
211927
211934
211956
212141
212183
212282
212302
212316
212325
212473
212511
212650
212775
212827
212867
213057
213078
213188
213285
213320
213364
213451
213512
213688
213832
213969
214054
214246
214283
214293
214364
214540
214554
214656
214695
214859
214868
214938
Day 12 - Sum of all numbers: 214938
[77 144 48 72 87 123 101 87 88 2 1 170 171 162 49 44 115 117 194 17 172 197 53 106 10 49 181 40 31 60 71 114 40 93 10 11 170 161 3 16 58 2 117 123 113 19 108 28 116 148 15 43 133 134 71 41 132 10 182 78 100 36 10 160 190 186 16 20 0 84 184 34 0 10 89 182 127 2 196 20 165 180 5 16 182 21 69 10 160 43 40 118 57 130 58 139 163 33 15 78 86 58 37 44 136 39 28 150 189 76 164 12 102 147 40 24 193 105 179 39 25 127 126 151 46 122 93 102 16 39 176 187 172 5 25 158 85 125 93 11 195 48 44 25 172 49 4 190 30 2 92 11 0 47 47 40 193 97 51 168 45 167 64 188 91 10 66 42 199 84 194 88 110 23 15 33 34 81 165 6 71 96 74 27 8 46 62 94 60 141 16 81 93 183 30 16 21 139 51 19 137 197 18 42 183 142 68 85 92 26 131 192 38 16 27 46 120 28 18 3 15 56 15 150 70 44 53 34 161 19 27 98 45 191 41 120 140 1 86 42 78 140 49 159 90 62 178 30 186 21 115 199 43 5 20 23 100 142 3 19 18 33 2 95 1 12 94 14 68 12 126 199 133 14 40 48 5 35 87 84 86 11 34 42 188 53 84 87 61 20 22 129 28 170 98 150 19 177 18 19 172 36 121 141 113 81 133 19 27 105 163 161 110 137 6 195 179 93 130 70 8 28 59 128 88 188 0 0 2 86 68 49 140 29 4 45 165 168 51 28 29 121 69 12 192 17 160 131 41 182 10 37 151 182 155 18 41 119 148 104 141 16 137 35 19 37 36 38 183 17 119 93 130 20 77 64 115 66 13 23 100 28 149 137 184 20 72 114 104 17 181 21 111 39 196 119 143 42 190 43 37 44 177 44 160 85 95 138 100 104 28 189 121 110 68 5 57 108 15 83 16 80 160 68 187 94 113 2 163 34 72 11 13 66 36 140 145 53 11 148 83 103 23 36 154 62 112 35 174 49 58 114 162 54 8 142 178 26 71 20 38 49 25 189 25 55 13 156 48 107 15 167 73 63 12 108 39 166 183 36 45 26 7 156 18 4 37 129 11 179 133 17 137 9 52 127 132 38 60 126 88 159 70 23 195 178 13 37 196 146 145 60 144 51 26 172 52 157 7 123 40 139 48 165 60 83 186 34 178 33 116 179 18 32 6 79 82 38 37 12 134 139 102 60 82 91 84 157 64 176 7 137 57 170 159 170 3 186 104 124 42 43 28 6 0 97 9 31 23 40 76 94 124 68 37 84 18 66 81 22 10 139 25 25 22 103 193 33 29 10 77 15 74 4 153 176 94 141 146 26 7 149 23 40 57 141 138 118 133 169 193 17 72 106 180 111 147 7 62 65 158 86 71 168 179 7 78 47 152 37 11 6 10 91 28 158 137 157 50 10 12 76 76 80 164 46 23 48 47 191 25 148 34 36 198 80 121 36 102 76 127 163 73 133 3 144 25 102 86 3 193 34 35 79 0 77 47 49 90 28 97 53 21 42 142 158 197 3 15 38 62 32 79 125 43 3 195 16 94 20 13 89 5 92 142 22 13 199 133 41 22 169 134 183 24 116 57 144 44 43 34 126 196 60 21 168 113 7 29 44 32 116 41 154 12 105 23 2 161 187 58 111 112 45 31 13 19 144 23 17 110 73 9 115 9 183 14 192 165 86 14 85 114 111 129 37 71 43 11 72 128 11 183 34 187 122 93 132 91 186 145 112 100 139 11 103 40 90 140 43 66 187 76 192 50 38 129 30 157 92 181 176 127 172 148 171 115 48 12 78 135 79 173 131 193 162 5 116 102 189 136 72 13 90 169 186 8 37 104 31 25 168 119 32 197 16 31 20 31 80 22 125 111 34 193 100 31 15 75 13 29 46 58 100 35 183 0 27 96 95 170 3 125 25 10 25 182 141 27 7 76 37 59 29 78 88 72 96 63 83 183 146 1 9 182 49 17 187 2 178 131 195 94 26 0 1 101 25 14 198 2 9 177 38 147 56 93 82 30 10 82 193 69 161 12 125 33 42 70 81 52 39 74 158 14 144 88 1 109 53 86 36 91 59 15 171 185 92 67 71 25 154 16 54 160 47 56 175 118 97 107 4 82 172 131 43 132 153 195 41 128 72 180 48 70 60 139 183 123 66 77 25 193 78 163 37 175 0 38 68 129 106 91 46 92 65 150 86 30 70 143 83 63 2 46 39 123 57 34 158 69 122 6 93 163 183 99 76 42 31 118 31 186 58 9 115 115 19 106 82 180 71 100 68 70 4 159 195 16 97 74 126 83 49 20 37 82 5 2 39 3 127 196 1 166 97 47 84 36 5 113 55 13 108 137 9 71 36 95 6 125 130 28 97 46 7 146 155 166 148 40 64 41 181 101 51 25 41 1 25 9 71 137 133 116 93 150 34 66 49 60 194 136 37 160 179 24 35 92 126 96 198 87 42 103 48 37 122 107 97 92 0 197 9 186 48 195 121 96 94 66 191 32 149 69 84 25 4 69 148 111 93 181 36 143 82 11 168 45 159 120 37 59 173 166 158 126 159 101 141 122 79 13 89 20 6 58 18 17 137 25 95 3 26 168 163 6 25 164 47 139 93 93 12 32 136 10 174 34 29 3 124 186 168 110 127 136 31 109 79 91 191 15 22 124 38 130 158 103 197 36 153 6 173 121 94 168 77 35 168 32 46 82 91 174 189 43 41 185 182 139 44 18 31 115 49 143 49 41 93 8 39 166 155 85 126 42 51 130 115 28 3 92 114 41 57 82 2 20 78 86 67 147 146 33 174 21 127 0 197 153 9 136 5 47 19 173 106 182 21 106 10 20 25 27 21 193 18 171 149 86 30 56 123 65 86 129 87 127 182 4 36 179 9 27 111 178 25 3 5 70 15 18 42 47 56 35 179 35 153 193 37 86 170 33 187 16 147 19 88 150 12 145 196 186 18 102 6 160 128 48 50 199 59 20 15 126 120 69 49 18 84 31 198 115 196 21 18 48 174 1 106 4 61 18 122 84 165 43 137 75 125 178 21 116 20 161 30 181 30 3 9 54 20 97 59 115 48 22 28 59 27 50 134 3 80 140 47 28 46 45 172 193 2 122 92 35 136 8 127 20 91 45 92 162 48 197 57 172 135 173 89 96 74 60 135 11 3 160 60 12 45 26 86 128 180 135 102 186 194 90 47 56 28 71 25 182 111 21 157 13 180 59 49 82 69 98 60 199 172 120 98 53 23 135 102 165 170 172 105 97 74 56 81 177 75 11 36 5 179 26 163 35 180 40 131 53 169 153 4 115 121 151 194 30 31 152 171 17 3 42 150 32 75 101 3 56 166 192 5 22 100 159 23 149 24 152 12 89 169 124 160 113 104 85 179 191 53 25 169 147 120 108 114 195 25 148 141 32 24 124 121 18 94 91 9 18 69 24 150 73 110 9 163 45 67 135 50 43 26 18 120 10 68 2 136 15 89 65 108 122 125 21 51 153 33 158 26 33 16 14 126 16 120 18 150 185 48 12 168 168 2 86 155 3 24 149 91 98 49 176 105 169 46 30 154 72 161 85 111 172 57 23 81 160 157 137 162 153 127 148 182 29 150 33 168 95 132 16 113 24 125 2 101 132 89 68 160 146 175 185 198 179 72 33 112 179 194 1 153 77 19 29 18 126 137 47 102 16 2 27 150 0 62 94 10 31 47 197 99 152 85 174 106 118 120 161 41 58 5 178 191 43 62 97 122 165 63 77 104 118 61 124 86 98 110 40 104 126 90 140 46 42 77 28 88 29 9 28 3 153 45 127 183 3 0 62 127 171 118 119 15 87 34 18 153 37 13 179 100 48 149 46 184 16 36 4 177 140 131 137 53 28 16 161 48 53 7 137 80 113 160 105 11 36 186 4 170 16 123 29 161 22 92 103 126 13 67 21 136 193 15 179 1 92 15 6 155 198 18 14 39 87 27 47 185 138 3 150 75 168 12 107 36 72 2 120 182 23 157 58 39 32 178 59 186 198 2 95 130 98 176 38 128 39 74 5 135 44 81 11 1 47 36 10 12 161 192 133 77 92 48 40 81 77 102 127 130 36 148 117 19 191 159 147 62 5 36 62 4 88 166 50 146 142 16 171 186 195 87 67 158 23 25 159 74 28 16 55 158 167 27 34 22 94 30 133 39 102 119 104 90 158 34 33 125 117 25 193 23 146 173 10 50 47 121 144 172 171 9 33 64 4 45 75 8 68 9 17 199 115 108 113 6 57 177 34 25 27 128 120 139 132 81 53 7 11 87 175 163 185 30 109 194 119 170 125 152 37 69 144 141 178 8 42 54 2 146 6 52 141 35 100 119 136 194 139 14 119 5 61 20 135 111 96 186 33 127 83 0 164 28 42 20 66 156 9 129 74 52 8 188 43 40 6 93 103 16 7 70 133 150 34 166 156 79 178 37 163 177 80 61 88 119 84 95 170 191 2 9 132 61 85 3 2 46 48 15 0 3 183 165 1 20 60 163 135 71 115 25 66 59 69 71 99 144 43 38 55 9 16 100 28 174 31 106 141 32 6 7 64 24 153 28 197 2 16 47 87 105 127 81 193 178 6 20 61 2 35 12 189 12 196 27 15 152 56 187 69 127 35 180 191 41 33 5 188 23 100 30 91 15 129 56 180 156 49 48 38 93 170 116 5 89 2 7 148 149 18 44 101 183 25 16 123 100 30 187 122 10 118 12 63 167 163 5 28 2 61 18 10 32 115 141 164 99 24 47 156 195 176 180 133 57 57 33 79 62 37 93 43 103 194 56 19 19 162 73 87 56 2 47 39 47 129 90 181 50 7 3 9 12 171 159 77 86 185 145 81 133 3 108 82 42 27 15 78 23 46 118 31 142 48 69 178 109 7 42 168 157 93 142 38 59 80 73 122 153 11 101 48 39 77 33 30 36 153 78 63 117 87 96 154 45 103 167 76 146 152 8 76 102 22 73 92 178 43 136 193 98 49 54 138 0 177 178 52 87 123 48 100 3 175 175 25 47 60 185 49 156 8 28 129 89 12 67 195 150 106 29 123 71 172 194 46 102 23 25 185 21 191 197 115 41 17 23 64 8 105 11 29 23 30 65 15 170 46 143 177 135 23 66 169 57 125 110 135 40 26 23 44 28 107 91 105 164 180 144 95 156 108 23 3 159 112 41 22 27 17 19 96 28 124 97 46 118 10 90 167 54 15 106 28 170 105 40 188 142 117 5 46 182 88 18 196 103 67 13 19 166 164 13 88 93 79 109 34 13 44 173 78 32 119 30 193 95 43 16 41 109 159 59 173 18 21 44 129 10 26 27 28 188 183 118 7 132 23 175 11 178 171 18 134 1 9 99 103 25 65 164 9 51 115 27 143 128 185 29 170 131 96 139 22 176 46 14 83 141 132 108 197 9 56 169 12 155 197 22 84 70 41 47 179 56 171 17 190 146 60 141 40 1 13 176 164 4 72 15 12 11 29 59 55 19 197 90 14 154 74 66 80 116 149 108 28 36 46 55 98 163 35 163 28 155 8 163 9 68 114 33 1 25 20 141 76 174 100 126 39 94 102 55 146 169 48 80 7 22 185 42 99 20 14 9 148 38 139 125 52 40 190 21 110 97 35 44 87 61 176 144 137 85 192 37 10 71 176 14 102 39 164 9 70]
Day 12 - Sum of all numbers: 214938
